# oST version 5.0 parameters


[image]

width
640

height
480

[narrow_stereo/left]

camera matrix
557.538511 0.000000 325.924105
0.000000 555.380364 275.499859
0.000000 0.000000 1.000000

distortion
0.083121 -0.122423 0.013703 -0.002782 0.000000

rectification
0.993716 -0.006646 -0.111733
0.009923 0.999536 0.028797
0.111490 -0.029725 0.993321

projection
632.266550 0.000000 409.774658 0.000000
0.000000 632.266550 263.468542 0.000000
0.000000 0.000000 1.000000 0.000000
# oST version 5.0 parameters


[image]

width
640

height
480

[narrow_stereo/right]

camera matrix
578.184100 0.000000 334.259388
0.000000 569.833920 239.038225
0.000000 0.000000 1.000000

distortion
0.102132 -0.203031 0.003769 0.010653 0.000000

rectification
0.995070 -0.033263 -0.093432
0.030507 0.999061 -0.030772
0.094368 0.027770 0.995150

projection
632.266550 0.000000 409.774658 -115.574116
0.000000 632.266550 263.468542 0.000000
0.000000 0.000000 1.000000 0.000000
